2,1,2,2,0.76375
2,1,2,2,0.61987
1,2,2,1,0.65085
2,3,2,2,0.65442
2,2,2,2,0.58106
1,2,2,1,0.5469
2,1,2,2,0.51257
1,2,2,1,0.59745
2,3,2,2,0.60772
1,1,2,1,0.73434
1,1,2,1,0.72299
1,3,2,1,0.79638
1,3,2,1,0.76124
1,1,2,2,0.97136
2,3,2,2,1.2641
2,3,2,2,0.85895
2,2,2,2,0.88887
1,1,2,1,0.63671
1,2,2,1,0.77064
1,2,2,1,1.2639
1,3,2,1,0.79702
2,1,2,2,0.65713
2,2,2,2,0.7909
1,3,2,2,0.74993
2,1,2,2,0.71062
2,2,2,2,0.70671
1,3,2,2,0.93591
2,3,2,2,0.86289
1,1,2,1,0.65022
2,2,2,1,0.74521
2,3,1,2,1.8068
2,3,1,1,0.77354
1,3,1,1,1.0162
1,3,1,2,1.0266
2,1,1,2,1.0333
2,1,1,2,0.98314
1,2,1,1,0.57528
1,1,1,1,1.0491
1,1,1,2,0.87568
1,1,1,1,0.53695
2,3,1,2,0.95181
2,1,1,2,0.80926
2,2,1,2,1.0702
2,1,1,1,0.78315
2,2,1,2,0.7422
2,2,1,2,0.93075
1,2,1,1,1.0228
1,3,1,1,1.4694
1,2,1,1,1.5662
2,3,1,2,1.0308
2,2,1,2,0.98063
1,2,1,2,1.1527
2,2,1,2,1.0269
1,3,1,2,1.0028
2,1,1,2,1.5592
1,2,1,1,0.83812
1,1,1,1,0.94171
1,1,1,1,1.1012
2,3,1,2,0.85719
1,3,1,2,1.3358
2,1,1,2,0.77858
2,2,1,2,0.95905
2,2,1,2,0.86604
1,2,1,1,0.67989
2,2,1,2,1.2505
2,1,1,2,0.93264
2,2,1,2,0.7867
1,3,1,1,0.64976
1,1,1,1,0.77685
2,3,1,2,0.65802
1,3,1,1,0.57053
2,3,1,1,0.74533
1,1,1,1,0.59228
1,1,1,2,0.76452
2,3,1,2,0.86086
2,1,1,2,1.0202
1,3,1,1,0.73767
1,3,1,1,0.58423
2,2,1,2,0.59188
1,2,1,1,0.89303
1,3,1,1,0.68051
1,1,1,1,0.8663
2,1,1,2,0.92904
1,1,1,1,0.75071
2,3,1,2,0.644
2,1,1,2,1.0358
1,2,1,1,0.6123
1,2,1,1,0.54301
2,3,1,2,1.0946
1,2,1,1,0.60593
1,1,2,2,0.74415
2,1,2,2,0.72114
2,3,2,2,0.72921
2,2,2,2,0.64775
1,3,2,1,0.55387
1,2,2,2,0.65706
1,1,2,1,0.71168
1,2,2,1,0.85906
1,2,2,1,0.97554
1,1,2,2,0.72347
2,1,2,2,1.0341
2,3,2,2,0.94564
2,2,2,2,0.98248
1,1,2,1,0.59283
1,3,2,1,0.70851
1,2,2,1,0.59803
2,3,2,2,0.77971
2,1,2,2,0.69973
1,1,2,1,0.62679
1,3,2,2,1.1224
2,1,2,2,0.58266
2,2,2,2,0.71739
2,3,2,2,0.81552
2,3,2,2,1.2425
1,3,2,1,0.54515
1,3,2,2,1.0089
1,2,2,1,0.58124
2,1,2,2,0.66184
2,2,2,2,0.64209
2,2,2,2,0.62437
1,3,1,2,0.95889
2,3,1,2,0.76643
1,3,1,2,1.0109
1,2,1,1,0.67589
1,3,1,2,0.86793
1,1,1,1,0.87754
2,1,1,2,0.97135
1,2,1,2,0.89355
2,3,1,2,0.76895
1,1,1,1,0.70022
1,2,1,1,0.87982
2,1,1,2,0.94513
2,2,1,2,0.67561
1,3,1,2,0.87274
1,2,1,1,0.83559
1,1,1,1,0.92847
2,2,1,2,0.63712
2,1,1,2,0.89443
1,3,1,1,0.99278
2,3,1,2,0.90531
2,2,1,2,1.0218
1,1,1,1,0.5686
2,3,1,2,0.74149
2,2,1,2,0.83392
2,3,1,2,1.2674
1,2,1,2,1.1657
1,1,1,1,0.78686
2,2,1,2,0.9571
2,1,1,2,0.94813
2,1,1,2,0.80207
1,1,2,1,0.91707
2,3,2,2,0.71955
2,2,2,2,0.9817
2,1,2,2,0.56285
1,2,2,1,0.66239
2,3,2,2,0.61116
1,1,2,1,0.7637
1,2,2,1,0.65841
2,3,2,2,0.71812
1,2,2,1,0.5967
2,2,2,2,0.57875
2,1,2,2,0.57503
2,3,2,2,1.0424
1,1,2,1,0.45659
1,3,2,2,0.62026
1,2,2,1,0.62446
1,2,2,1,0.68609
2,2,2,2,0.9422
1,3,2,1,0.82466
2,1,2,2,0.67377
2,2,2,2,0.86424
2,3,2,2,0.84867
1,3,2,1,0.64637
1,1,2,2,0.78368
2,1,2,2,0.64936
1,1,2,1,0.62419
2,1,2,2,0.69099
1,3,2,1,0.74804
1,3,2,1,0.74147
2,2,2,2,0.67186
2,1,1,2,1.0307
1,3,1,1,0.79668
2,2,1,2,1.0816
2,2,1,2,1.03
2,2,1,2,1.2278
2,3,1,2,0.97214
2,3,1,2,1.2101
1,2,1,1,1.0716
1,1,1,1,0.72591
1,2,1,1,0.93974
2,1,1,1,0.99589
1,1,1,1,0.70063
2,3,1,2,1.0008
1,1,1,1,0.60209
1,2,1,1,0.67613
2,3,1,2,0.92689
1,1,1,1,0.65703
1,3,1,1,0.71426
2,1,1,2,0.69772
1,1,1,1,0.63049
1,3,1,1,0.72854
2,1,1,1,0.63927
1,3,1,1,0.76714
2,2,1,1,0.72189
1,2,1,1,0.85246
2,1,1,2,0.972
1,3,1,1,0.58028
2,2,1,1,1.0399
2,3,1,1,0.93094
1,2,1,1,0.64077
2,1,2,2,0.71817
2,1,2,2,0.64228
1,2,2,1,0.60495
1,3,2,2,0.68975
2,1,2,2,0.60818
1,2,2,1,0.68733
2,1,2,2,0.64042
2,2,2,2,1.0113
1,1,2,1,0.67363
2,3,2,2,0.66073
1,1,2,1,0.62027
2,3,2,2,1.0159
2,3,2,2,0.764
2,2,2,2,0.6219
2,2,2,2,0.69536
1,3,2,1,0.55392
2,2,2,2,0.97448
2,3,2,2,1.035
1,2,2,1,0.53746
1,1,2,1,0.83737
1,3,2,2,0.74038
2,1,2,2,0.62441
1,3,2,1,0.67664
1,3,2,2,0.65407
1,1,2,1,0.65409
2,3,2,2,0.71164
1,1,2,1,0.6414
2,2,2,2,1.0105
1,2,2,1,0.8577
1,2,2,2,0.72186
