2,2,1,-1,4.9687
1,2,1,1,4.2327
1,3,1,1,2.8781
1,2,1,1,1.2834
1,3,1,1,1.3535
1,1,1,1,2.3646
2,3,1,1,1.6383
2,3,1,-1,4.9574
1,2,1,1,3.0076
1,3,1,1,1.2592
2,1,1,-1,4.972
1,1,1,1,1.4386
2,3,1,1,1.3743
1,3,1,1,1.7097
2,2,1,-1,4.9645
1,3,1,1,1.0761
2,1,1,1,2.4206
2,1,1,-1,4.9586
1,1,1,1,1.6355
2,1,1,-1,4.9649
1,2,1,1,3.7368
1,1,1,1,0.55728
2,2,1,-1,4.9685
2,2,1,-1,4.9685
2,3,1,-1,4.965
2,3,1,1,2.8619
1,2,1,1,2.3966
1,1,1,1,2.974
2,2,1,-1,4.9629
2,1,1,-1,4.9627
2,2,2,-1,4.9607
1,3,2,1,1.2126
1,2,2,1,0.76438
1,1,2,1,0.57528
1,2,2,1,0.58574
2,3,2,2,1.1949
1,1,2,1,0.87238
2,2,2,2,1.4043
2,1,2,2,0.71899
2,3,2,2,1.4099
1,3,2,1,0.89939
2,3,2,2,1.0096
2,2,2,2,1.2655
2,2,2,2,0.722
1,3,2,1,0.63715
2,2,2,2,1.298
1,3,2,1,1.5369
1,1,2,1,0.65075
2,1,2,2,0.97563
1,2,2,2,1.9602
1,1,2,1,0.6894
2,1,2,2,1.1786
2,1,2,2,1.0652
1,1,2,1,0.96852
2,3,2,2,1.0277
2,1,2,2,0.74225
1,3,2,1,1.3775
1,2,2,1,2.2282
2,3,2,2,0.76952
1,2,2,1,0.69337
1,2,2,1,1.2631
2,3,2,2,1.5395
2,1,2,2,1.2771
2,3,2,2,0.73748
1,2,2,1,0.73538
1,3,2,1,0.7292
1,2,2,1,0.8873
2,3,2,2,1.1038
1,1,2,1,0.82521
2,1,2,2,0.57802
2,2,2,2,0.81476
1,1,2,1,0.96047
1,1,2,2,0.84802
2,3,2,2,1.1957
1,3,2,1,1.0961
1,1,2,1,0.95258
1,3,2,1,1.2698
1,3,2,2,1.1032
1,2,2,1,0.84475
2,2,2,2,2.263
1,3,2,1,0.98907
1,2,2,1,1.273
2,1,2,2,1.0043
2,2,2,2,3.783
2,1,2,2,1.3962
2,2,2,2,1.2746
2,2,2,2,1.0557
1,1,2,1,1.1137
2,3,2,2,1.7954
2,1,2,2,0.91839
1,3,1,1,2.1882
1,1,1,1,0.66146
1,2,1,1,1.2355
1,1,1,1,1.1373
2,2,1,-1,4.96
1,1,1,1,2.9101
2,2,1,-1,4.967
1,1,1,1,1.954
2,2,1,2,1.8039
2,1,1,2,3.364
1,3,1,1,2.3541
2,3,1,2,3.7012
2,2,1,2,4.2878
1,2,1,1,3.4726
1,2,1,1,0.83177
2,1,1,2,1.3213
2,1,1,1,1.2335
1,3,1,1,2.7716
2,3,1,2,2.5369
2,1,1,2,2.1533
1,3,1,1,1.2508
2,3,1,-1,4.9686
1,3,1,1,1.2966
1,2,1,1,0.81008
1,1,1,1,0.50408
2,3,1,2,3.319
2,1,1,2,3.4917
2,2,1,-1,4.965
2,3,1,1,3.0508
1,2,1,1,1.5707
1,2,1,1,1.0618
1,3,1,1,1.3792
2,1,1,2,2.3694
1,1,1,1,0.73427
1,1,1,1,1.3681
2,2,1,2,2.0491
2,1,1,-1,4.9644
1,2,1,1,0.88492
1,3,1,1,0.84839
1,2,1,1,0.53415
2,2,1,-1,4.9627
1,2,1,1,1.1141
1,3,1,1,0.80321
1,3,1,1,3.4694
2,3,1,2,2.2801
2,3,1,2,1.0735
1,1,1,1,0.90965
1,2,1,1,0.62676
2,3,1,2,1.0865
2,2,1,2,3.4547
2,2,1,2,2.3567
1,1,1,1,0.61164
2,2,1,2,2.2827
1,3,1,1,1.5326
2,1,1,2,4.5581
2,1,1,2,2.7976
1,1,1,1,0.78353
2,1,1,2,1.9302
2,3,1,2,3.0509
2,3,1,2,3.2773
2,3,2,2,1.0749
2,2,2,2,0.62547
2,1,2,2,0.60366
1,2,2,1,1.5588
1,3,2,1,0.74104
2,3,2,2,1.2431
2,2,2,2,1.1428
2,1,2,2,1.0794
2,3,2,2,1.6557
1,2,2,1,1.4211
2,1,2,2,1.243
1,2,2,1,1.3058
1,3,2,1,1.6917
1,3,2,1,0.9845
2,1,2,2,0.77543
1,1,2,1,1.1974
1,2,2,1,1.3138
1,3,2,1,1.704
1,1,2,1,0.76975
2,3,2,2,1.6504
1,3,2,1,1.2598
1,1,2,2,1.2221
1,1,2,1,0.62749
2,2,2,2,1.8506
1,1,2,1,0.63918
2,2,2,2,1.6607
1,2,2,1,0.69088
2,1,2,2,1.1488
2,3,2,2,1.584
2,2,2,2,1.9074
1,2,1,1,1.387
1,1,1,1,1.1276
1,1,1,1,1.2306
2,1,1,2,1.9456
2,2,1,2,2.6373
2,1,1,2,1.935
2,3,1,2,2.1557
1,3,1,1,1.1655
2,2,1,2,2.5218
1,2,1,1,1.4849
2,2,1,2,2.2976
2,3,1,2,2.9477
1,3,1,1,0.80779
2,1,1,2,3.3858
2,3,1,2,2.1932
1,1,1,1,0.78733
2,2,1,2,2.4103
2,3,1,2,2.8042
2,3,1,2,1.6581
1,2,1,1,0.9052
1,2,1,1,1.904
2,1,1,2,3.2863
1,2,1,1,1.0001
1,3,1,1,0.94065
1,1,1,1,0.8979
2,1,1,2,1.6176
1,3,1,1,3.9084
1,1,1,1,0.48889
2,2,1,1,0.4899
1,3,1,1,0.76897
1,2,2,1,0.99243
1,3,2,1,0.75982
1,3,2,2,0.6878
2,3,2,2,1.2203
2,1,2,2,0.7533
2,2,2,2,0.82114
1,2,2,1,0.89284
2,1,2,2,0.62711
1,1,2,1,0.95136
1,3,2,1,1.1169
2,1,2,2,1.2247
2,2,2,2,0.93236
2,2,2,2,1.0989
1,1,2,1,0.66172
1,3,2,1,0.68201
1,3,2,1,1.8008
2,3,2,2,2.996
2,2,2,2,1.5265
1,1,2,1,1.0989
1,1,2,1,1.1075
2,3,2,2,1.044
1,2,2,1,1.2349
1,2,2,1,0.71042
2,3,2,2,1.4371
2,2,2,2,1.3168
2,1,2,2,0.80889
1,1,2,1,0.57758
2,3,2,2,0.80033
2,1,2,2,0.70083
1,2,2,1,1.069
